setpos -384.000000 -1552.000000 52.031250;setang -0.000000 90.000000 0.000000
setpos -328.000000 -1528.000000 52.031250;setang -0.000000 90.000000 0.000000
setpos -234.000000 -1503.079956 52.031250;setang -0.000000 90.000000 0.000000
setpos -154.000000 -1503.079956 52.031250;setang -0.000000 90.000000 0.000000
setpos -416.000000 -1608.000000 59.564808;setang -0.000000 90.000000 0.000000
setpos -304.000000 -1608.000000 52.031250;setang -0.000000 90.000000 0.000000
setpos -264.000000 -1560.000000 52.031250;setang -0.000000 90.000000 0.000000
setpos -192.000000 -1608.000000 52.031250;setang -0.000000 90.000000 0.000000
setpos -144.000000 -1568.000000 52.031250;setang -0.000000 90.000000 0.000000
setpos -128.004028 -1632.000000 54.906097;setang -0.000000 90.000000 0.000000
setpos -416.000000 -1696.000000 66.031250;setang -0.000000 90.000000 0.000000